Location:
  World: world
  X: -317.6201593309729
  Y: 72.0
  Z: -1.1835387037001075
  Yaw: -99.29651
  Pitch: 9.149607
